175,1
175,0
174,3
174,2
174,1
174,0
173,4
173,3
173,2
173,1
173,0
172,3
172,2
172,1
172,0
171,3
171,2
171,1
171,0
170,3
170,2
170,1
170,0
169,3
169,2
169,1
169,0
168,3
168,2
168,1
168,0
167,5
167,4
167,3
167,2
167,1
167,0
166,3
166,2
166,1
166,0
165,3
165,2
165,1
165,0
164,3
164,2
164,1
164,0
163,3
163,2
163,1
163,0
162,3
162,2
162,1
162,0
161,3
161,2
161,1
161,0
160,4
160,3
160,2
160,1
160,0
159,3
159,2
159,1
159,0
158,3
158,2
158,1
158,0
157,5
157,4
157,3
157,2
157,1
157,0
156,3
156,2
156,1
156,0
155,3
155,2
155,1
155,0
154,3
154,2
154,1
154,0
153,3
153,2
153,1
153,0
152,3
152,2
152,1
152,0
151,3
151,2
151,1
151,0
150,3
150,2
150,1
150,0
149,4
149,3
149,2
149,1
149,0
148,3
148,2
148,1
148,0
147,3
147,2
147,1
147,0
146,3
146,2
146,1
146,0
145,3
145,2
145,1
145,0
144,3
144,2
144,1
144,0
143,3
143,2
143,1
143,0
142,3
142,2
142,1
142,0
141,3
141,2
141,1
141,0
140,3
140,2
140,1
140,0
139,5
139,4
139,3
139,2
139,1
139,0
138,4
138,3
138,2
138,1
138,0
137,3
137,2
137,1
137,0
136,3
136,2
136,1
136,0
135,3
135,2
135,1
135,0
134,3
134,2
134,1
134,0
133,3
133,2
133,1
133,0
21,5
21,4
21,3
21,2
21,1
21,0
20,5
20,4
20,3
20,2
20,1
20,0
18,5
18,4
18,3
18,2
18,1
18,0
16,5
16,4
16,3
16,2
16,1
16,0
7,3
7,2
7,1
7,0
6,6
6,5
6,4
6,3
6,2
6,1
6,0
5,6
5,5
5,4
5,3
5,2
5,1
5,0
4,3
4,2
4,1
4,0
3,2
2,2
1,2
0,60
0,59
0,58
0,57
0,9
0,2
175,2
175,3
176,1
176,2
177,0
177,1
177,3
178,1
178,2
179,0
179,1
179,3
180,1
180,2
181,0
181,1
181,3
182,0
182,2
183,0
183,1
183,3
184,0
184,2
186,0
186,1
186,3
187,0
187,2
187,3
188,1
188,3
189,0
189,2
189,3
190,1
190,3
191,0
191,2
191,3
192,1
192,2
192,3
192,0
191,1
190,2
190,0
189,1
188,2
188,0
187,1
186,2
184,3
184,1
183,2
182,3
182,1
181,2
180,3
180,0
179,2
178,3
178,0
177,2
176,3
176,0
1,45
3,44
2,44
1,44
3,43
2,43
1,43
3,42
2,42
1,42
3,41
2,41
1,41
3,40
2,40
1,40
3,39
2,39
1,39
3,38
2,38
1,38
3,37
2,37
1,37
3,36
2,36
1,36
3,35
2,35
1,35
3,34
2,34
1,34
3,33
2,33
1,33
3,32
2,32
1,32
3,31
2,31
1,31
3,30
2,30
1,30
3,29
2,29
1,29
3,28
2,28
1,28
3,27
2,27
1,27
3,26
2,26
1,26
3,25
2,25
1,25
3,24
2,24
1,24
3,23
2,23
1,23
3,22
2,22
1,22
3,21
2,21
1,21
3,20
2,20
1,20
3,19
2,19
1,19
3,18
2,18
1,18
3,17
2,17
1,17
3,16
2,16
1,16
3,15
2,15
1,15
3,14
2,14
1,14
3,13
2,13
1,13
3,12
2,12
1,12
3,11
2,11
1,11
3,10
2,10
1,10
3,9
2,9
1,9
3,8
2,8
1,8
3,7
2,7
1,7
3,6
2,6
1,6
3,5
2,5
1,5
3,4
2,4
1,4
3,3
3,0
2,3
2,0
1,3
1,0
0,6
0,0
0,47
0,46
0,49
0,48
0,45
0,12
0,50
0,10
0,8
0,11
0,5
0,7
0,4
0,3
